# -*- coding: utf-8 -*-
"""
Created on Sat Feb  2 04:18:14 2019

@author: p0p
"""

mixed:
MAC000014 using 48 features
MAC000014 using 48 features
sensi = 0.91 fpr= 0.00
The score for customer : 1  is 0.91
MAC000015 using 48 features
MAC000015 using 48 features
sensi = 0.90 fpr= 0.00
The score for customer : 2  is 0.90
MAC000017 using 48 features
MAC000017 using 48 features
sensi = 0.93 fpr= 0.00
The score for customer : 3  is 0.93
MAC000031 using 48 features
MAC000031 using 48 features
sensi = 0.89 fpr= 0.00
The score for customer : 4  is 0.89

drs = array([0.88888889, 0.91020408, 0.8969697 , 0.93333333, 0.8877551 ,
       0.88163265, 0.94693878, 0.95151515, 0.88247423, 0.85510204,
       0.90909091, 0.85416667, 0.81212121, 0.91428571, 0.94020619,
       0.86060606, 0.91919192, 0.89494949, 0.91515152, 0.93333333,
       0.9122449 , 0.86666667, 0.8755102 , 1.        , 1.        ,
       0.94545455, 0.93402062, 0.89090909, 0.89484536, 0.90927835,
       0.87835052, 0.9030303 , 0.91313131, 0.90309278, 0.85656566,
       0.88484848, 0.91134021, 0.90909091, 0.92525253, 0.85306122,
       0.89894737, 0.91919192, 0.92323232, 0.91632653, 0.91313131,
       0.89795918, 0.90408163, 0.93333333, 0.89090909, 0.87676768,
       0.9244898 , 0.9244898 , 0.94141414, 0.92371134, 0.8952381 ,
       0.87346939, 0.90947368, 0.92121212, 0.8969697 , 0.82828283,
       0.9010101 , 0.90909091, 0.92727273, 0.90816327, 0.90909091,
       0.90204082, 0.90612245, 0.88686869, 0.91836735, 0.85510204,
       0.92929293, 0.9010101 , 0.88888889, 0.87272727, 0.92323232,
       0.85833333, 0.91780822, 0.90816327, 0.92653061, 0.90707071,
       0.86849315, 0.91020408, 0.91020408, 0.88484848, 0.83434343,
       0.92244898, 0.87529412, 0.87878788, 0.90927835, 0.91515152,
       0.91340206, 0.84791667, 0.90909091, 0.93939394, 0.825     ,
       0.87346939, 0.82916667, 0.91632653, 0.9010101 , 0.82626263])
    
fprs = array([0.00573066, 0.00573066, 0.00573066, 0.00573066, 0.00573066,
       0.00573066, 0.00573066, 0.00573066, 0.00573066, 0.00573066,
       0.00573066, 0.00573066, 0.00573066, 0.00573066, 0.00573066,
       0.00573066, 0.00573066, 0.00573066, 0.00573066, 0.00573066,
       0.00573066, 0.00573066, 0.00573066, 0.00573066, 0.00573066,
       0.00573066, 0.00573066, 0.00573066, 0.00573066, 0.00573066,
       0.00573066, 0.00573066, 0.00573066, 0.00573066, 0.00573066,
       0.00573066, 0.00573066, 0.00573066, 0.00573066, 0.00573066,
       0.00573066, 0.00573066, 0.00573066, 0.00573066, 0.00573066,
       0.00573066, 0.00573066, 0.00573066, 0.00573066, 0.00573066,
       0.00573066, 0.00573066, 0.00573066, 0.00573066, 0.00573066,
       0.00573066, 0.00573066, 0.00573066, 0.00573066, 0.00573066,
       0.00573066, 0.00573066, 0.00573066, 0.00573066, 0.00573066,
       0.00573066, 0.00573066, 0.00573066, 0.00573066, 0.00573066,
       0.00573066, 0.00573066, 0.00573066, 0.00573066, 0.00573066,
       0.00573066, 0.00573066, 0.00573066, 0.00573066, 0.00573066,
       0.00573066, 0.00573066, 0.00573066, 0.00573066, 0.00573066,
       0.00573066, 0.00573066, 0.00573066, 0.00573066, 0.00573066,
       0.00573066, 0.00573066, 0.00573066, 0.00573066, 0.00573066,
       0.00573066, 0.00573066, 0.00573066, 0.00573066, 0.00573066])

0.90 = dr mean
0.00 = fpr mean

#%%
de = {48: [0.9795918367346939, 0.9581589958158996, 0.9572649572649573, 0.9682539682539683, 0.9246861924686193, 0.9591836734693877, 0.963265306122449, 0.9718875502008032, 0.95, 0.9563492063492064, 0.8979591836734694, 0.9770992366412213, 0.9873417721518988, 0.9469387755102041, 0.950207468879668, 0.9428571428571428, 0.9591836734693877, 0.9759036144578314, 0.9959839357429718, 0.9801587301587301, 0.9748953974895398, 0.9444444444444444, 0.9551020408163265, 0.9598393574297188, 0.9877551020408163, 0.9799196787148594, 0.9045643153526971, 0.991701244813278, 0.950207468879668, 0.9477911646586346, 0.9598393574297188, 0.9428571428571428, 0.9841269841269841, 0.8734693877551021, 0.9626556016597511, 0.99581589958159, 0.9421487603305785, 0.9206349206349206, 0.9183673469387755, 0.9642857142857143, 0.966804979253112, 0.9877551020408163, 0.9761904761904762, 0.9346938775510204, 0.9444444444444444, 0.9682539682539683, 0.9603174603174603, 0.9444444444444444, 0.9484126984126984, 0.9484126984126984, 0.9839357429718876, 0.9288702928870293, 0.8870967741935484, 0.9563492063492064, 0.9585062240663901, 0.9755102040816327, 0.9510204081632653, 0.9591836734693877, 0.9714285714285714, 0.9591836734693877, 0.963855421686747, 0.9581589958158996, 0.9642857142857143, 0.963265306122449, 0.9623430962343096, 0.9563492063492064, 0.9714285714285714, 0.9206349206349206, 0.9718875502008032, 0.9365079365079365, 0.963855421686747, 0.9678714859437751, 0.9919678714859438, 0.9297520661157025, 0.9803921568627451, 0.9469387755102041, 0.9755102040816327, 0.9504132231404959, 0.9523809523809523, 0.9642857142857143, 0.9642857142857143, 0.9380165289256198, 0.9718875502008032, 0.9682539682539683, 0.9300411522633745, 0.9484126984126984, 0.9581589958158996, 0.8354430379746836, 0.941908713692946, 0.9214876033057852, 0.9598393574297188, 0.963265306122449, 0.9523809523809523, 0.9428571428571428, 0.9469387755102041, 0.9707112970711297, 0.9598393574297188, 0.8955823293172691], 52: [0.9755102040816327, 0.9748953974895398, 0.9615384615384616, 0.9761904761904762, 0.9414225941422594, 0.963265306122449, 0.963265306122449, 0.9839357429718876, 0.9666666666666667, 0.9563492063492064, 0.9306122448979591, 0.9923664122137404, 0.9873417721518988, 0.9428571428571428, 0.966804979253112, 0.9673469387755103, 0.9591836734693877, 0.9799196787148594, 0.9959839357429718, 0.9920634920634921, 0.9790794979079498, 0.95, 0.9551020408163265, 0.9678714859437751, 0.9877551020408163, 0.9799196787148594, 0.9087136929460581, 0.991701244813278, 0.9336099585062241, 0.9678714859437751, 0.9678714859437751, 0.9591836734693877, 0.9920634920634921, 0.8857142857142857, 0.975103734439834, 0.9916317991631799, 0.9586776859504132, 0.9047619047619048, 0.9224489795918367, 0.9801587301587301, 0.970954356846473, 1.0, 0.9761904761904762, 0.9469387755102041, 0.9603174603174603, 0.9722222222222222, 0.9722222222222222, 0.9563492063492064, 0.9484126984126984, 0.9484126984126984, 0.9799196787148594, 0.9456066945606695, 0.9193548387096774, 0.9722222222222222, 0.966804979253112, 0.9918367346938776, 0.9551020408163265, 0.9591836734693877, 0.9959183673469387, 0.963265306122449, 0.9759036144578314, 0.9623430962343096, 0.9841269841269841, 0.963265306122449, 0.9748953974895398, 0.9722222222222222, 0.9836734693877551, 0.9365079365079365, 0.9879518072289156, 0.9920634920634921, 0.9799196787148594, 0.9718875502008032, 0.9959839357429718, 0.9297520661157025, 0.9901960784313726, 0.9510204081632653, 0.9755102040816327, 0.9462809917355371, 0.9476190476190476, 0.9642857142857143, 0.9642857142857143, 0.9421487603305785, 0.963855421686747, 0.9642857142857143, 0.934156378600823, 0.9801587301587301, 0.9874476987447699, 0.8987341772151899, 0.9543568464730291, 0.9462809917355371, 0.9518072289156626, 0.9795918367346939, 0.9523809523809523, 0.9469387755102041, 0.9510204081632653, 0.9790794979079498, 0.963855421686747, 0.9076305220883534], 5: [0.9834710743801653, 0.9714285714285714, 0.9659574468085106, 0.9916317991631799, 0.9387755102040817, 0.9586776859504132, 0.9563492063492064, 0.9603174603174603, 0.9253112033195021, 0.9623430962343096, 0.9380165289256198, 0.9444444444444444, 0.9135802469135802, 0.9545454545454546, 0.9203187250996016, 0.9214876033057852, 0.9710743801652892, 0.9523809523809523, 0.996031746031746, 0.9497907949790795, 0.9836734693877551, 0.946236559139785, 0.8347107438016529, 0.9404761904761905, 0.9916666666666667, 0.9801587301587301, 0.9123505976095617, 0.9880478087649402, 0.9442231075697212, 0.9444444444444444, 0.8928571428571429, 0.9, 0.9916317991631799, 0.9008264462809917, 0.9760956175298805, 0.9836734693877551, 0.970954356846473, 0.9121338912133892, 0.9322709163346613, 0.9623430962343096, 0.9561752988047809, 0.9958333333333333, 0.9832635983263598, 0.9586776859504132, 0.9414225941422594, 0.9707112970711297, 0.9456066945606695, 0.9163179916317992, 0.9456066945606695, 0.9456066945606695, 0.9325396825396826, 0.9510204081632653, 0.9261363636363636, 0.9581589958158996, 0.979253112033195, 1.0, 0.9421487603305785, 0.9752066115702479, 0.9917355371900827, 0.9504132231404959, 0.9642857142857143, 0.9673469387755103, 0.99581589958159, 0.9545454545454546, 0.9714285714285714, 0.9456066945606695, 0.9958677685950413, 0.9037656903765691, 0.626984126984127, 0.9539748953974896, 0.9722222222222222, 0.9523809523809523, 0.9880952380952381, 0.950207468879668, 0.9516908212560387, 0.9338842975206612, 0.9834710743801653, 0.950207468879668, 0.9444444444444444, 0.9581589958158996, 0.9581589958158996, 0.970954356846473, 0.9444444444444444, 0.9707112970711297, 0.9377777777777778, 0.9707112970711297, 0.9877551020408163, 0.8641975308641975, 0.9543568464730291, 0.991701244813278, 0.9484126984126984, 0.9752066115702479, 0.9047619047619048, 0.9462809917355371, 0.8958333333333334, 0.9714285714285714, 0.9642857142857143, 0.9166666666666666]}
fe = {48: [0.004081632653061273, 0.008368200836820106, 0.004273504273504258, 0.003968253968253954, 0.012552301255230103, 0.004081632653061273, 0.05306122448979589, 0.004016064257028162, 0.054166666666666696, 0.019841269841269882, 0.03265306122448974, 0.03816793893129766, 0.08860759493670889, 0.03673469387755102, 0.008298755186721962, 0.05714285714285716, 0.024489795918367308, 0.02409638554216864, 0.008032128514056214, 0.03968253968253965, 0.03765690376569042, 0.05555555555555558, 0.008163265306122436, 0.02409638554216864, 0.0, 0.048192771084337394, 0.03734439834024894, 0.012448132780082943, 0.020746887966805017, 0.04016064257028118, 0.048192771084337394, 0.024489795918367308, 0.0, 0.04489795918367345, 0.004149377593360981, 0.004184100418409997, 0.016528925619834656, 0.06349206349206349, 0.04489795918367345, 0.003968253968253954, 0.03734439834024894, 0.004081632653061273, 0.003968253968253954, 0.008163265306122436, 0.0, 0.003968253968253954, 0.0, 0.023809523809523836, 0.02777777777777779, 0.02777777777777779, 0.008032128514056214, 0.01673640167364021, 0.08602150537634412, 0.003968253968253954, 0.016597510373444035, 0.0, 0.01632653061224487, 0.01224489795918371, 0.01632653061224487, 0.024489795918367308, 0.04016064257028118, 0.01673640167364021, 0.023809523809523836, 0.04081632653061229, 0.012552301255230103, 0.003968253968253954, 0.0, 0.15873015873015872, 0.48594377510040165, 0.04365079365079361, 0.004016064257028162, 0.05622489959839361, 0.004016064257028162, 0.03305785123966942, 0.009803921568627416, 0.004081632653061273, 0.0, 0.03305785123966942, 0.11428571428571432, 0.04761904761904767, 0.04761904761904767, 0.0950413223140496, 0.008032128514056214, 0.0, 0.04115226337448563, 0.003968253968253954, 0.029288702928870314, 0.16455696202531644, 0.008298755186721962, 0.02892561983471076, 0.02409638554216864, 0.0, 0.09523809523809523, 0.008163265306122436, 0.1306122448979592, 0.01673640167364021, 0.048192771084337394, 0.05622489959839361], 52: [0.0, 0.0, 0.0, 0.003968253968253954, 0.012552301255230103, 0.01632653061224487, 0.05306122448979589, 0.004016064257028162, 0.054166666666666696, 0.015873015873015928, 0.01632653061224487, 0.0, 0.10126582278481011, 0.0, 0.0, 0.03265306122448974, 0.01632653061224487, 0.02409638554216864, 0.004016064257028162, 0.023809523809523836, 0.03347280334728031, 0.0444444444444444, 0.004081632653061273, 0.02008032128514059, 0.0, 0.048192771084337394, 0.049792531120331995, 0.004149377593360981, 0.012448132780082943, 0.03614457831325302, 0.03614457831325302, 0.008163265306122436, 0.0, 0.07346938775510203, 0.020746887966805017, 0.0, 0.004132231404958664, 0.07936507936507942, 0.04081632653061229, 0.007936507936507908, 0.016597510373444035, 0.0, 0.003968253968253954, 0.008163265306122436, 0.007936507936507908, 0.0, 0.0, 0.019841269841269882, 0.019841269841269882, 0.019841269841269882, 0.008032128514056214, 0.01673640167364021, 0.06989247311827962, 0.011904761904761862, 0.020746887966805017, 0.0, 0.02857142857142858, 0.0, 0.0, 0.02857142857142858, 0.048192771084337394, 0.012552301255230103, 0.0, 0.020408163265306145, 0.004184100418409997, 0.0, 0.0, 0.11507936507936511, 0.43775100401606426, 0.04365079365079361, 0.008032128514056214, 0.008032128514056214, 0.004016064257028162, 0.012396694214875992, 0.004901960784313708, 0.01224489795918371, 0.0, 0.04132231404958675, 0.05238095238095242, 0.019841269841269882, 0.019841269841269882, 0.1074380165289256, 0.004016064257028162, 0.003968253968253954, 0.04115226337448563, 0.0, 0.03765690376569042, 0.16455696202531644, 0.008298755186721962, 0.008264462809917328, 0.008032128514056214, 0.01224489795918371, 0.09523809523809523, 0.0, 0.06938775510204087, 0.004184100418409997, 0.03614457831325302, 0.04417670682730923], 5: [0.004132231404958664, 0.01632653061224487, 0.0, 0.02092050209205021, 0.03265306122448974, 0.06611570247933884, 0.04365079365079361, 0.0, 0.004149377593360981, 0.06276150627615062, 0.03305785123966942, 0.0, 0.012345679012345734, 0.004132231404958664, 0.043824701195219085, 0.024793388429752095, 0.0, 0.06349206349206349, 0.0, 0.01673640167364021, 0.0, 0.026881720430107503, 0.1198347107438017, 0.031746031746031744, 0.0, 0.019841269841269882, 0.027888446215139417, 0.007968127490039834, 0.01195219123505975, 0.007936507936507908, 0.02777777777777779, 0.0708333333333333, 0.01673640167364021, 0.04132231404958675, 0.007968127490039834, 0.0, 0.004149377593360981, 0.07949790794979084, 0.0239043824701195, 0.008368200836820106, 0.003984063745019917, 0.0, 0.0, 0.037190082644628086, 0.05020920502092052, 0.029288702928870314, 0.0, 0.03347280334728031, 0.004184100418409997, 0.004184100418409997, 0.04761904761904767, 0.0, 0.0625, 0.025104602510460206, 0.008298755186721962, 0.0, 0.04958677685950408, 0.008264462809917328, 0.03305785123966942, 0.016528925619834656, 0.007936507936507908, 0.03673469387755102, 0.004184100418409997, 0.008264462809917328, 0.008163265306122436, 0.10460251046025104, 0.0, 0.08368200836820083, 0.11507936507936511, 0.004184100418409997, 0.003968253968253954, 0.023809523809523836, 0.06349206349206349, 0.02904564315352698, 0.06763285024154586, 0.012396694214875992, 0.0, 0.020746887966805017, 0.06944444444444442, 0.06694560669456062, 0.06694560669456062, 0.0456431535269709, 0.0, 0.008368200836820106, 0.022222222222222254, 0.05020920502092052, 0.08571428571428574, 0.07407407407407407, 0.012448132780082943, 0.0, 0.015873015873015928, 0.05371900826446285, 0.0, 0.06198347107438018, 0.15416666666666667, 0.0, 0.05555555555555558, 0.08730158730158732]}
#%% 48 original theft full theft
0.9644351285785515 0.02797398901949497
fpr = [0.004081632653061273, 0.004184100418409997, 0.004273504273504258, 0.011904761904761862, 0.01673640167364021, 0.0, 0.05306122448979589, 0.0, 0.03749999999999998, 0.019841269841269882, 0.03673469387755102, 0.0, 0.06329113924050633, 0.04081632653061229, 0.0, 0.061224489795918324, 0.02857142857142858, 0.016064257028112428, 0.008032128514056214, 0.02777777777777779, 0.03765690376569042, 0.033333333333333326, 0.004081632653061273, 0.02008032128514059, 0.0, 0.02409638554216864, 0.0456431535269709, 0.012448132780082943, 0.02904564315352698, 0.032128514056224855, 0.02409638554216864, 0.020408163265306145, 0.0, 0.04081632653061229, 0.004149377593360981, 0.004184100418409997, 0.012396694214875992, 0.06746031746031744, 0.04489795918367345, 0.003968253968253954, 0.03734439834024894, 0.01224489795918371, 0.0, 0.008163265306122436, 0.0, 0.0, 0.0, 0.02777777777777779, 0.031746031746031744, 0.031746031746031744, 0.0, 0.01673640167364021, 0.048387096774193505, 0.003968253968253954, 0.020746887966805017, 0.0, 0.04081632653061229, 0.004081632653061273, 0.004081632653061273, 0.02857142857142858, 0.02409638554216864, 0.012552301255230103, 0.015873015873015928, 0.024489795918367308, 0.01673640167364021, 0.003968253968253954, 0.0, 0.15476190476190477, 0.4618473895582329, 0.031746031746031744, 0.012048192771084376, 0.06827309236947787, 0.0, 0.02066115702479343, 0.0, 0.0, 0.0, 0.024793388429752095, 0.0714285714285714, 0.03968253968253965, 0.03968253968253965, 0.09090909090909094, 0.0, 0.003968253968253954, 0.03703703703703709, 0.003968253968253954, 0.008368200836820106, 0.15189873417721522, 0.0, 0.012396694214875992, 0.004016064257028162, 0.0, 0.0, 0.004081632653061273, 0.09387755102040818, 0.012552301255230103, 0.03614457831325302, 0.048192771084337394]
dr = [0.9795918367346939, 0.9707112970711297, 0.9658119658119658, 0.9761904761904762, 0.9414225941422594, 0.9714285714285714, 0.9714285714285714, 0.9799196787148594, 0.9583333333333334, 0.9682539682539683, 0.9102040816326531, 0.9694656488549618, 0.9746835443037974, 0.9306122448979591, 0.9626556016597511, 0.963265306122449, 0.9591836734693877, 0.9759036144578314, 0.9959839357429718, 0.996031746031746, 0.9790794979079498, 0.9444444444444444, 0.963265306122449, 0.9718875502008032, 0.9918367346938776, 0.9919678714859438, 0.9087136929460581, 0.991701244813278, 0.950207468879668, 0.9678714859437751, 0.9718875502008032, 0.963265306122449, 1.0, 0.889795918367347, 0.9626556016597511, 0.99581589958159, 0.9586776859504132, 0.9246031746031746, 0.9306122448979591, 0.9880952380952381, 0.975103734439834, 1.0, 0.9801587301587301, 0.9510204081632653, 0.9523809523809523, 0.9761904761904762, 0.9682539682539683, 0.9642857142857143, 0.9523809523809523, 0.9523809523809523, 0.9879518072289156, 0.9372384937238494, 0.9032258064516129, 0.9761904761904762, 0.979253112033195, 0.9918367346938776, 0.9673469387755103, 0.9551020408163265, 0.9836734693877551, 0.9551020408163265, 0.9718875502008032, 0.9790794979079498, 0.9761904761904762, 0.9673469387755103, 0.9665271966527197, 0.9761904761904762, 0.9755102040816327, 0.9404761904761905, 0.9839357429718876, 0.9761904761904762, 0.9678714859437751, 0.9799196787148594, 0.9919678714859438, 0.9504132231404959, 0.9852941176470589, 0.9551020408163265, 0.9755102040816327, 0.9628099173553719, 0.9523809523809523, 0.9761904761904762, 0.9761904761904762, 0.9628099173553719, 0.9839357429718876, 0.9642857142857143, 0.934156378600823, 0.9761904761904762, 0.9832635983263598, 0.8607594936708861, 0.9585062240663901, 0.9545454545454546, 0.9598393574297188, 0.9714285714285714, 0.9523809523809523, 0.9673469387755103, 0.9510204081632653, 0.9790794979079498, 0.9678714859437751, 0.9236947791164659]
